---
build/images/claudia-staub-f16daff6.jpg: 2020-07-27 18:15:00.347844601 +02:00
build/images/claudia-und-denise-2863df66.jpg: 2020-07-27 18:15:00.657614368 +02:00
build/images/denise-bienz-959dcde8.jpeg: 2020-07-27 18:15:00.337432432 +02:00
