---
build/apple-touch-icon-114x114-precomposed.png: 2017-11-01 11:00:20.000000000 +01:00
build/apple-touch-icon-120x120-precomposed.png: 2017-11-01 11:00:20.000000000 +01:00
build/apple-touch-icon-144x144-precomposed.png: 2017-11-01 11:00:20.000000000 +01:00
build/apple-touch-icon-152x152-precomposed.png: 2017-11-01 11:00:20.000000000 +01:00
build/apple-touch-icon-180x180-precomposed.png: 2017-11-01 11:00:21.000000000 +01:00
build/apple-touch-icon-57x57-precomposed.png: 2017-11-01 11:00:21.000000000 +01:00
build/apple-touch-icon-60x60-precomposed.png: 2017-11-01 11:00:21.000000000 +01:00
build/apple-touch-icon-72x72-precomposed.png: 2017-11-01 11:00:21.000000000 +01:00
build/apple-touch-icon-76x76-precomposed.png: 2017-11-01 11:00:21.000000000 +01:00
build/apple-touch-icon-precomposed.png: 2017-11-01 11:00:21.000000000 +01:00
build/apple-touch-icon.png: 2017-11-01 11:00:21.000000000 +01:00
build/favicon-160x160.png: 2017-11-01 11:00:21.000000000 +01:00
build/favicon-16x16.png: 2017-11-01 11:00:21.000000000 +01:00
build/favicon-196x196.png: 2017-11-01 11:00:21.000000000 +01:00
build/favicon-32x32.png: 2017-11-01 11:00:21.000000000 +01:00
build/favicon-96x96.png: 2017-11-01 11:00:21.000000000 +01:00
build/favicon.png: 2017-11-01 11:00:22.000000000 +01:00
build/images/claudia-staub-287f4434.jpg: 2017-11-01 11:00:22.000000000 +01:00
build/images/logo-53c1f300.svg: 2017-11-01 11:00:22.000000000 +01:00
build/images/plan-801be759.svg: 2017-11-01 11:00:23.000000000 +01:00
build/mstile-144x144.png: 2017-11-01 11:00:22.000000000 +01:00
build/mstile-150x150.png: 2017-11-01 11:00:22.000000000 +01:00
build/mstile-310x150.png: 2017-11-01 11:00:22.000000000 +01:00
build/mstile-310x310.png: 2017-11-01 11:00:22.000000000 +01:00
build/mstile-70x70.png: 2017-11-01 11:00:22.000000000 +01:00
