---
build/images/claudia-staub-287f4434.jpg: 2020-05-20 07:01:23.353958102 +02:00
build/images/denise-bienz-162ea5ce.jpeg: 2020-05-20 07:01:24.956109964 +02:00
