---
build/images/claudia-staub-287f4434.jpg: 2021-01-17 14:44:39.264604614 +01:00
build/images/denise-bienz-162ea5ce.jpeg: 2021-01-17 14:44:41.053969837 +01:00
