---
build/favicon-16x16.png: 2020-03-01 16:06:23.920117194 +01:00
build/mstile-310x310.png: 2020-03-01 16:06:23.883297746 +01:00
build/mstile-144x144.png: 2020-03-01 16:06:23.873563976 +01:00
build/favicon-196x196.png: 2020-03-01 16:06:23.909075744 +01:00
build/apple-touch-icon.png: 2020-03-01 16:06:23.942102714 +01:00
build/apple-touch-icon-144x144-precomposed.png: 2020-03-01 16:06:23.908353584 +01:00
build/images/claudia-staub-287f4434.jpg: 2020-03-01 16:06:24.670948999 +01:00
build/images/logo-53c1f300.svg: 2020-03-01 16:06:23.898474451 +01:00
build/images/plan-801be759.svg: 2020-03-01 16:06:24.836178667 +01:00
build/apple-touch-icon-114x114-precomposed.png: 2020-03-01 16:06:24.317809863 +01:00
build/mstile-70x70.png: 2020-03-01 16:06:24.323888121 +01:00
build/apple-touch-icon-152x152-precomposed.png: 2020-03-01 16:06:24.322624518 +01:00
build/apple-touch-icon-60x60-precomposed.png: 2020-03-01 16:06:24.332535806 +01:00
build/favicon-160x160.png: 2020-03-01 16:06:24.318428964 +01:00
build/mstile-310x150.png: 2020-03-01 16:06:24.323199099 +01:00
build/favicon.png: 2020-03-01 16:06:24.853134445 +01:00
build/apple-touch-icon-180x180-precomposed.png: 2020-03-01 16:06:24.854686119 +01:00
build/favicon-96x96.png: 2020-03-01 16:06:25.260190684 +01:00
build/apple-touch-icon-precomposed.png: 2020-03-01 16:06:25.254779677 +01:00
build/mstile-150x150.png: 2020-03-01 16:06:25.289553985 +01:00
build/apple-touch-icon-120x120-precomposed.png: 2020-03-01 16:06:25.215311131 +01:00
build/apple-touch-icon-72x72-precomposed.png: 2020-03-01 16:06:25.274731050 +01:00
build/apple-touch-icon-57x57-precomposed.png: 2020-03-01 16:06:25.209560839 +01:00
build/apple-touch-icon-76x76-precomposed.png: 2020-03-01 16:06:25.297725870 +01:00
build/favicon-32x32.png: 2020-03-01 16:06:25.315766754 +01:00
