---
build/favicon-16x16.png: 2020-04-17 18:57:43.615397126 +02:00
build/mstile-310x310.png: 2020-04-17 18:57:43.611435630 +02:00
build/mstile-144x144.png: 2020-04-17 18:57:43.616348114 +02:00
build/favicon-196x196.png: 2020-04-17 18:57:43.614021456 +02:00
build/apple-touch-icon.png: 2020-04-17 18:57:43.613235921 +02:00
build/apple-touch-icon-144x144-precomposed.png: 2020-04-17 18:57:43.614739297 +02:00
build/images/claudia-staub-287f4434.jpg: 2020-04-17 18:57:44.053594995 +02:00
build/images/denise-bienz-162ea5ce.jpeg: 2020-04-17 18:57:45.869237363 +02:00
build/images/logo-53c1f300.svg: 2020-04-17 18:57:43.990475377 +02:00
build/images/plan-801be759.svg: 2020-04-17 18:57:44.585376102 +02:00
build/apple-touch-icon-114x114-precomposed.png: 2020-04-17 18:57:43.992319924 +02:00
build/mstile-70x70.png: 2020-04-17 18:57:44.017932800 +02:00
build/apple-touch-icon-152x152-precomposed.png: 2020-04-17 18:57:43.995032057 +02:00
build/apple-touch-icon-60x60-precomposed.png: 2020-04-17 18:57:43.998999604 +02:00
build/favicon-160x160.png: 2020-04-17 18:57:44.304657395 +02:00
build/mstile-310x150.png: 2020-04-17 18:57:44.382549087 +02:00
build/favicon.png: 2020-04-17 18:57:46.242072974 +02:00
build/apple-touch-icon-180x180-precomposed.png: 2020-04-17 18:57:46.238756754 +02:00
build/favicon-96x96.png: 2020-04-17 18:57:46.265517878 +02:00
build/apple-touch-icon-precomposed.png: 2020-04-17 18:57:46.235370316 +02:00
build/mstile-150x150.png: 2020-04-17 18:57:46.254125467 +02:00
build/apple-touch-icon-120x120-precomposed.png: 2020-04-17 18:57:46.249358134 +02:00
build/apple-touch-icon-72x72-precomposed.png: 2020-04-17 18:57:46.255640047 +02:00
build/apple-touch-icon-57x57-precomposed.png: 2020-04-17 18:57:46.270221111 +02:00
build/apple-touch-icon-76x76-precomposed.png: 2020-04-17 18:57:46.475737342 +02:00
build/favicon-32x32.png: 2020-04-17 18:57:46.476988705 +02:00
