---
build/favicon-16x16.png: 2020-04-15 17:47:39.989631339 +02:00
build/mstile-310x310.png: 2020-04-15 17:47:39.970425351 +02:00
build/mstile-144x144.png: 2020-04-15 17:47:39.974081247 +02:00
build/favicon-196x196.png: 2020-04-15 17:47:39.977381363 +02:00
build/apple-touch-icon.png: 2020-04-15 17:47:39.970840634 +02:00
build/apple-touch-icon-144x144-precomposed.png: 2020-04-15 17:47:39.989147988 +02:00
build/images/claudia-staub-287f4434.jpg: 2020-04-15 17:47:40.386398372 +02:00
build/images/denise-bienz-162ea5ce.jpeg: 2020-04-15 17:47:42.177879219 +02:00
build/images/logo-53c1f300.svg: 2020-04-15 17:47:40.336575092 +02:00
build/images/plan-801be759.svg: 2020-04-15 17:47:40.837252162 +02:00
build/apple-touch-icon-114x114-precomposed.png: 2020-04-15 17:47:40.347808471 +02:00
build/mstile-70x70.png: 2020-04-15 17:47:40.340302687 +02:00
build/apple-touch-icon-152x152-precomposed.png: 2020-04-15 17:47:40.352586357 +02:00
build/apple-touch-icon-60x60-precomposed.png: 2020-04-15 17:47:40.353884231 +02:00
build/favicon-160x160.png: 2020-04-15 17:47:40.598965784 +02:00
build/mstile-310x150.png: 2020-04-15 17:47:40.624443415 +02:00
build/favicon.png: 2020-04-15 17:47:42.563398310 +02:00
build/apple-touch-icon-180x180-precomposed.png: 2020-04-15 17:47:42.537283869 +02:00
build/favicon-96x96.png: 2020-04-15 17:47:42.510109676 +02:00
build/apple-touch-icon-precomposed.png: 2020-04-15 17:47:42.543372704 +02:00
build/mstile-150x150.png: 2020-04-15 17:47:42.541022900 +02:00
build/apple-touch-icon-120x120-precomposed.png: 2020-04-15 17:47:42.553262487 +02:00
build/apple-touch-icon-72x72-precomposed.png: 2020-04-15 17:47:42.566432680 +02:00
build/apple-touch-icon-57x57-precomposed.png: 2020-04-15 17:47:42.540130157 +02:00
build/apple-touch-icon-76x76-precomposed.png: 2020-04-15 17:47:42.751262644 +02:00
build/favicon-32x32.png: 2020-04-15 17:47:42.774485823 +02:00
